Runtime: 0.513276 sec 
Area: 24.928100 mm^2 
Energy: 839.184702 mJ
EDAP: 10.737364
