Runtime: 0.339966 sec 
Area: 30.657600 mm^2 
Energy: 871.432468 mJ
EDAP: 9.082541
