Runtime: 0.340008 sec 
Area: 30.623700 mm^2 
Energy: 832.646951 mJ
EDAP: 8.669772
