Runtime: 0.339974 sec 
Area: 51.199400 mm^2 
Energy: 538.115607 mJ
EDAP: 9.366690
