Runtime: 0.056238 sec 
Area: 54.911900 mm^2 
Energy: 117.056529 mJ
EDAP: 0.361486
