Runtime: 0.056238 sec 
Area: 59.964000 mm^2 
Energy: 126.720298 mJ
EDAP: 0.427333
