Runtime: 0.066527 sec 
Area: 51.199400 mm^2 
Energy: 124.020897 mJ
EDAP: 0.422433
