Runtime: 0.057772 sec 
Area: 18.723200 mm^2 
Energy: 101.495987 mJ
EDAP: 0.109786
