Runtime: 0.059089 sec 
Area: 54.363200 mm^2 
Energy: 149.156590 mJ
EDAP: 0.479131
