Runtime: 0.059275 sec 
Area: 17.126300 mm^2 
Energy: 109.150882 mJ
EDAP: 0.110806
