Runtime: 0.081409 sec 
Area: 23.137500 mm^2 
Energy: 132.778323 mJ
EDAP: 0.250101
