Runtime: 0.083329 sec 
Area: 51.199400 mm^2 
Energy: 154.774368 mJ
EDAP: 0.660329
