Runtime: 0.082384 sec 
Area: 31.348200 mm^2 
Energy: 150.958217 mJ
EDAP: 0.389863
