Runtime: 0.082521 sec 
Area: 18.609400 mm^2 
Energy: 155.194687 mJ
EDAP: 0.238327
