Runtime: 0.082213 sec 
Area: 25.487800 mm^2 
Energy: 195.541154 mJ
EDAP: 0.409743
