Runtime: 0.080777 sec 
Area: 59.533000 mm^2 
Energy: 279.219433 mJ
EDAP: 1.342738
