Runtime: 0.174482 sec 
Area: 24.928100 mm^2 
Energy: 296.247928 mJ
EDAP: 1.288532
