Runtime: 0.174671 sec 
Area: 19.283200 mm^2 
Energy: 295.290583 mJ
EDAP: 0.994602
