Runtime: 0.174671 sec 
Area: 15.118600 mm^2 
Energy: 201.315140 mJ
EDAP: 0.531629
