Runtime: 0.128833 sec 
Area: 33.166600 mm^2 
Energy: 262.721407 mJ
EDAP: 1.122596
