Runtime: 0.128833 sec 
Area: 31.298600 mm^2 
Energy: 212.277876 mJ
EDAP: 0.855966
