Runtime: 0.128833 sec 
Area: 33.877600 mm^2 
Energy: 256.187126 mJ
EDAP: 1.118142
