Runtime: 0.128833 sec 
Area: 39.647900 mm^2 
Energy: 349.927176 mJ
EDAP: 1.787413
