Runtime: 0.128833 sec 
Area: 38.336400 mm^2 
Energy: 357.323479 mJ
EDAP: 1.764818
