Runtime: 0.174671 sec 
Area: 17.126300 mm^2 
Energy: 250.334285 mJ
EDAP: 0.748867
