Runtime: 0.174671 sec 
Area: 15.954500 mm^2 
Energy: 237.660157 mJ
EDAP: 0.662309
