Runtime: 0.128833 sec 
Area: 33.830200 mm^2 
Energy: 257.807845 mJ
EDAP: 1.123642
